seq;timestamp_ms;rot_xx;rot_xy;rot_xz;rot_yx;rot_yy;rot_yz;rot_zx;rot_zy;rot_zz
8;140;0.027476;-0.807509;-0.589215;0.998265;0.052869;-0.025906;0.052071;-0.587481;0.807561
9;160;0.027878;-0.807602;-0.589068;0.998274;0.052971;-0.025378;0.051699;-0.587344;0.807685
10;180;0.027445;-0.807456;-0.589289;0.998327;0.052149;-0.02496;0.050885;-0.587618;0.807537
11;200;0.027559;-0.807283;-0.589521;0.998332;0.052155;-0.024751;0.050728;-0.587856;0.807374
12;220;0.027723;-0.807344;-0.58943;0.998327;0.052291;-0.024669;0.050738;-0.58776;0.807443
13;240;0.027717;-0.807405;-0.589347;0.998311;0.052472;-0.024936;0.051057;-0.58766;0.807495
14;260;0.028136;-0.807549;-0.589129;0.998258;0.053275;-0.02535;0.051858;-0.587389;0.807641
15;280;0.02864;-0.807461;-0.589225;0.998196;0.054218;-0.025781;0.052763;-0.587424;0.807558
16;300;0.028853;-0.807044;-0.589786;0.998201;0.054281;-0.025443;0.052548;-0.587991;0.807159
17;320;0.028903;-0.807107;-0.589697;0.998203;0.054284;-0.025372;0.052489;-0.587905;0.807226
18;340;0.028938;-0.807244;-0.589507;0.998199;0.054341;-0.025412;0.052548;-0.58771;0.807363
19;360;0.029074;-0.807571;-0.589054;0.998192;0.054472;-0.025411;0.052608;-0.58725;0.807694
20;380;0.029198;-0.808013;-0.588441;0.998196;0.054464;-0.025257;0.052457;-0.586642;0.808146
21;400;0.029292;-0.808212;-0.588163;0.998201;0.054446;-0.025104;0.052312;-0.586369;0.808353
22;420;0.02933;-0.808148;-0.588248;0.998205;0.054424;-0.024999;0.052218;-0.586459;0.808294
23;440;0.029315;-0.807995;-0.588459;0.99821;0.054366;-0.02492;0.052127;-0.586675;0.808143
24;460;0.029432;-0.80776;-0.588777;0.998213;0.054396;-0.02473;0.052003;-0.586997;0.807917
25;480;0.029449;-0.807551;-0.589061;0.998219;0.054343;-0.024595;0.051873;-0.587288;0.807714
26;500;0.029458;-0.807351;-0.589336;0.998219;0.054364;-0.024579;0.051883;-0.587562;0.807514
27;520;0.029424;-0.807181;-0.58957;0.998218;0.054357;-0.024602;0.051906;-0.587795;0.807343
28;540;0.029418;-0.807069;-0.589724;0.99821;0.054453;-0.024726;0.052067;-0.587941;0.807226
29;560;0.029303;-0.806959;-0.58988;0.998198;0.054535;-0.025017;0.052357;-0.588085;0.807103
30;580;0.029164;-0.806863;-0.590018;0.998189;0.054583;-0.025305;0.052623;-0.588211;0.806993
31;600;0.028986;-0.806897;-0.58998;0.998178;0.05461;-0.025649;0.052915;-0.588162;0.80701
32;620;0.028866;-0.806646;-0.59033;0.998163;0.054731;-0.025978;0.053264;-0.588495;0.806744
33;640;0.028773;-0.806016;-0.591194;0.998143;0.054937;-0.026319;0.053692;-0.589339;0.8061
34;660;0.028775;-0.805234;-0.592259;0.998113;0.055298;-0.02669;0.054242;-0.590374;0.805305
35;680;0.028817;-0.80471;-0.592968;0.99808;0.0557;-0.027085;0.054824;-0.591049;0.804771
36;700;0.029071;-0.80433;-0.593472;0.99805;0.056162;-0.027226;0.055229;-0.591523;0.804394
37;720;0.029362;-0.80395;-0.593972;0.998043;0.056401;-0.027003;0.05521;-0.592017;0.804032
38;740;0.029495;-0.803851;-0.594099;0.998036;0.056542;-0.026956;0.05526;-0.592137;0.80394
39;760;0.02968;-0.803887;-0.594041;0.998023;0.056771;-0.026962;0.055398;-0.592066;0.803983
40;780;0.029735;-0.803966;-0.593932;0.998018;0.05685;-0.026989;0.055463;-0.591952;0.804063
41;800;0.029635;-0.803935;-0.593978;0.998009;0.056893;-0.02721;0.055668;-0.59199;0.804021
42;820;0.029487;-0.804401;-0.593354;0.997987;0.057032;-0.027722;0.05614;-0.591343;0.804464
43;840;0.029121;-0.804798;-0.592834;0.997988;0.056823;-0.028117;0.056315;-0.590823;0.804833
44;860;0.028472;-0.805383;-0.592071;0.998022;0.056118;-0.028343;0.056053;-0.590093;0.805387
45;880;0.027985;-0.805715;-0.591641;0.998076;0.055278;-0.028071;0.055322;-0.589718;0.805712
46;900;0.027612;-0.805665;-0.591728;0.998108;0.054757;-0.02798;0.054944;-0.589835;0.805652
47;920;0.027424;-0.805244;-0.59231;0.998102;0.054747;-0.028217;0.055148;-0.590411;0.805216
48;940;0.027414;-0.8049;-0.592777;0.998108;0.054692;-0.028104;0.055042;-0.590884;0.804876
49;960;0.027467;-0.805156;-0.592426;0.99813;0.054471;-0.027753;0.054616;-0.590556;0.805146
50;980;0.027548;-0.805494;-0.591964;0.998134;0.054445;-0.027634;0.054489;-0.590098;0.805491
51;1000;0.028049;-0.805431;-0.592026;0.998097;0.055107;-0.027684;0.054922;-0.590122;0.805443
52;1020;0.028406;-0.805179;-0.592351;0.998067;0.055619;-0.027741;0.055283;-0.590418;0.805202
53;1040;0.028675;-0.804957;-0.592639;0.998042;0.056021;-0.0278;0.055578;-0.590682;0.804988
54;1060;0.028851;-0.804698;-0.592983;0.998021;0.056348;-0.027908;0.055871;-0.591004;0.804731
55;1080;0.029015;-0.804736;-0.592923;0.998013;0.056509;-0.027858;0.055924;-0.590937;0.804777
56;1100;0.028973;-0.805033;-0.592522;0.998028;0.056321;-0.027719;0.055686;-0.59055;0.805077
57;1120;0.028849;-0.805238;-0.592249;0.998047;0.056047;-0.027588;0.055408;-0.590297;0.805282
58;1140;0.028582;-0.805431;-0.591999;0.998056;0.055811;-0.027745;0.055387;-0.590055;0.805461
59;1160;0.028442;-0.805022;-0.592563;0.998056;0.055754;-0.027838;0.055448;-0.590619;0.805043
60;1180;0.028353;-0.804725;-0.59297;0.998045;0.055841;-0.02806;0.055693;-0.591015;0.804736
61;1200;0.028354;-0.804601;-0.593139;0.99805;0.055797;-0.027981;0.055609;-0.591189;0.804614
62;1220;0.02833;-0.804847;-0.592805;0.998093;0.055312;-0.027398;0.05484;-0.590899;0.80488
63;1240;0.028482;-0.804866;-0.592773;0.998146;0.054809;-0.026459;0.053785;-0.590921;0.804935
64;1260;0.028909;-0.804414;-0.593365;0.998187;0.054586;-0.025368;0.052796;-0.591556;0.804534
65;1280;0.029275;-0.803802;-0.594176;0.998236;0.054232;-0.024182;0.051661;-0.59242;0.803971
66;1300;0.029715;-0.802878;-0.595403;0.998258;0.054209;-0.023278;0.050966;-0.593674;0.80309
67;1320;0.030195;-0.802141;-0.596371;0.998258;0.054451;-0.022697;0.050679;-0.594647;0.802388
68;1340;0.030791;-0.801555;-0.597127;0.998241;0.054947;-0.022283;0.050671;-0.59539;0.801837
69;1360;0.031348;-0.801155;-0.597635;0.99822;0.055441;-0.021962;0.050729;-0.595883;0.801467
70;1380;0.03173;-0.801126;-0.597654;0.998198;0.055869;-0.021894;0.05093;-0.595883;0.801455
71;1400;0.031676;-0.80111;-0.597679;0.998196;0.055868;-0.02198;0.050999;-0.595904;0.801434
72;1420;0.031538;-0.801123;-0.597668;0.99819;0.055879;-0.022228;0.051204;-0.595885;0.801436
73;1440;0.031044;-0.801192;-0.597602;0.998188;0.05569;-0.022809;0.051555;-0.595811;0.801469
74;1460;0.030186;-0.801286;-0.59752;0.998193;0.055241;-0.023652;0.05196;-0.595726;0.801505
75;1480;0.029309;-0.801645;-0.597082;0.998192;0.054829;-0.024616;0.052471;-0.595281;0.801803
76;1500;0.028487;-0.802067;-0.596555;0.998185;0.054505;-0.025617;0.053061;-0.594742;0.802163
77;1520;0.027842;-0.803144;-0.595134;0.998153;0.054495;-0.026845;0.053992;-0.593288;0.803178
78;1540;0.027279;-0.803686;-0.594428;0.998103;0.054736;-0.028201;0.055201;-0.592531;0.803654
79;1560;0.027164;-0.804;-0.594009;0.998017;0.055563;-0.029566;0.056776;-0.592028;0.803915
80;1580;0.027348;-0.803829;-0.594231;0.997887;0.056998;-0.031177;0.05893;-0.592123;0.80369
81;1600;0.028168;-0.802503;-0.595982;0.997663;0.059699;-0.033234;0.06225;-0.593653;0.802309
82;1620;0.030499;-0.800182;-0.598981;0.997166;0.065595;-0.036855;0.06878;-0.596159;0.799915
83;1640;0.0319;-0.797913;-0.601928;0.996467;0.072205;-0.042905;0.077697;-0.598432;0.797397
84;1660;0.032532;-0.797224;-0.602806;0.995619;0.078747;-0.050414;0.08766;-0.598525;0.796293
85;1680;0.032921;-0.797056;-0.603008;0.994636;0.085321;-0.058474;0.098057;-0.597849;0.795589
86;1700;0.03272;-0.795956;-0.604469;0.993778;0.090331;-0.065152;0.106461;-0.598577;0.79396
87;1720;0.03229;-0.793957;-0.607116;0.99262;0.096512;-0.07342;0.116886;-0.600265;0.791214
88;1740;0.033353;-0.792244;-0.609292;0.991483;0.103017;-0.079675;0.125889;-0.601446;0.788933
89;1760;0.033357;-0.789277;-0.61313;0.990099;0.109788;-0.087464;0.136348;-0.604142;0.785125
90;1780;0.031389;-0.785873;-0.61759;0.988209;0.117046;-0.098713;0.149862;-0.60721;0.780281
91;1800;0.030766;-0.782765;-0.621557;0.985882;0.126163;-0.110086;0.164589;-0.609395;0.775596
92;1820;0.030365;-0.780253;-0.624727;0.983688;0.134195;-0.119791;0.177303;-0.610899;0.7716
93;1840;0.029903;-0.777788;-0.627814;0.982505;0.138381;-0.12464;0.183821;-0.613104;0.768319
94;1860;0.02877;-0.774624;-0.631767;0.981424;0.141823;-0.1292;0.189681;-0.616314;0.764315
95;1880;0.026626;-0.769335;-0.63829;0.980018;0.145996;-0.135089;0.197116;-0.621939;0.75785
96;1900;0.023368;-0.763351;-0.645561;0.978845;0.148762;-0.140473;0.203265;-0.628622;0.750678
97;1920;0.018127;-0.755615;-0.654765;0.976706;0.153426;-0.150017;0.213813;-0.636794;0.740795
98;1940;0.010934;-0.748784;-0.662724;0.973409;0.159627;-0.164296;0.228811;-0.643305;0.730619
99;1960;0.003515;-0.742217;-0.670151;0.970284;0.164673;-0.177291;0.241944;-0.649613;0.72074
100;1980;-0.001472;-0.735259;-0.677785;0.967715;0.169784;-0.186282;0.252042;-0.656177;0.711271
101;2000;-0.005518;-0.730418;-0.682979;0.966068;0.172477;-0.192262;0.25823;-0.660864;0.704681
102;2020;-0.009388;-0.726279;-0.687336;0.964351;0.175212;-0.198311;0.264459;-0.664695;0.698743
103;2040;-0.014241;-0.72339;-0.690293;0.962636;0.176791;-0.205126;0.270424;-0.667422;0.693844
104;2060;-0.017769;-0.720065;-0.693679;0.960826;0.179623;-0.211068;0.276583;-0.670255;0.688665
105;2080;-0.021076;-0.716622;-0.697144;0.958896;0.182871;-0.21697;0.282973;-0.673061;0.683312
106;2100;-0.026005;-0.71234;-0.701352;0.956933;0.185189;-0.223572;0.289142;-0.676961;0.676846
107;2120;-0.033239;-0.707114;-0.706318;0.956006;0.183594;-0.22879;0.291456;-0.682849;0.669903
108;2140;-0.040446;-0.702524;-0.710509;0.954686;0.182669;-0.234961;0.294854;-0.687817;0.663302
109;2160;-0.045948;-0.699173;-0.713475;0.952489;0.18461;-0.242249;0.301089;-0.690708;0.657471
110;2180;-0.052624;-0.694056;-0.717996;0.950047;0.1867;-0.250107;0.307638;-0.695291;0.649561
111;2200;-0.060718;-0.687112;-0.72401;0.94837;0.186506;-0.256535;0.3113;-0.702206;0.640312
112;2220;-0.067256;-0.680418;-0.729731;0.946653;0.187509;-0.262086;0.315159;-0.708429;0.631509
113;2240;-0.07211;-0.673941;-0.735258;0.945277;0.189004;-0.26595;0.318201;-0.7142;0.623432
114;2260;-0.076182;-0.665975;-0.742073;0.944524;0.190264;-0.267719;0.319484;-0.721302;0.614535
115;2280;-0.079522;-0.657092;-0.749604;0.945064;0.189488;-0.266361;0.317065;-0.729605;0.605926
116;2300;-0.079461;-0.646841;-0.758474;0.947317;0.187839;-0.259437;0.310285;-0.73913;0.597838
117;2320;-0.076012;-0.636367;-0.767632;0.949791;0.188129;-0.250009;0.303512;-0.748094;0.590116
118;2340;-0.069186;-0.624859;-0.777666;0.953428;0.187987;-0.235871;0.293577;-0.757768;0.582753
119;2360;-0.059968;-0.613059;-0.787758;0.957414;0.187959;-0.219158;0.282423;-0.767353;0.57568
120;2380;-0.043889;-0.599592;-0.799101;0.961483;0.191894;-0.196792;0.271338;-0.776959;0.568076
121;2400;-0.021074;-0.590566;-0.806714;0.966463;0.194529;-0.167655;0.25594;-0.783193;0.56666
122;2420;0.007421;-0.584437;-0.811405;0.972197;0.194134;-0.130938;0.234046;-0.787874;0.569629
123;2440;0.038679;-0.572347;-0.819099;0.976452;0.195753;-0.090673;0.212237;-0.796304;0.566442
124;2460;0.065742;-0.555412;-0.828972;0.980922;0.188289;-0.048361;0.182947;-0.809978;0.557195
125;2480;0.087471;-0.537648;-0.83862;0.983738;0.179188;-0.012272;0.156869;-0.823909;0.544579
126;2500;0.108168;-0.530248;-0.840914;0.98457;0.174179;0.016817;0.137552;-0.829759;0.540907
127;2520;0.122619;-0.529536;-0.839379;0.984052;0.174691;0.033546;0.128868;-0.830105;0.542511
128;2540;0.138388;-0.527544;-0.838181;0.983332;0.173967;0.05286;0.117929;-0.831525;0.542825
129;2560;0.153433;-0.522343;-0.838818;0.982565;0.170844;0.073339;0.104999;-0.835446;0.539449
130;2580;0.170592;-0.51828;-0.838024;0.98131;0.166217;0.096963;0.08904;-0.838903;0.536949
131;2600;0.186501;-0.519882;-0.833631;0.979668;0.16228;0.117969;0.073951;-0.838682;0.539577
132;2620;0.200224;-0.52419;-0.827729;0.977937;0.158294;0.136314;0.05957;-0.836761;0.544319
133;2640;0.214393;-0.530784;-0.819941;0.975798;0.153405;0.155839;0.043067;-0.833508;0.550827
134;2660;0.232049;-0.535461;-0.812056;0.972519;0.143988;0.182958;0.01896;-0.832196;0.554158
135;2680;0.248249;-0.538383;-0.805305;0.96864;0.128999;0.212358;-0.010446;-0.832769;0.553523
136;2700;0.258977;-0.540691;-0.800365;0.965088;0.111223;0.237139;-0.0392;-0.833836;0.550618
137;2720;0.266482;-0.542256;-0.796835;0.96214;0.100586;0.253315;-0.057211;-0.834171;0.548531
138;2740;0.273844;-0.545384;-0.79219;0.958912;0.091325;0.268604;-0.074145;-0.833196;0.547984
139;2760;0.284023;-0.548518;-0.786422;0.953764;0.077525;0.290387;-0.098315;-0.832537;0.545176
140;2780;0.292673;-0.555914;-0.778011;0.948359;0.064691;0.310531;-0.122299;-0.828719;0.54614
141;2800;0.299606;-0.561576;-0.771277;0.943411;0.053921;0.327212;-0.142166;-0.825666;0.545953
142;2820;0.302921;-0.569228;-0.764342;0.9398;0.045323;0.338705;-0.158158;-0.82093;0.54869
143;2840;0.305272;-0.576605;-0.757849;0.936495;0.037546;0.348666;-0.172588;-0.81616;0.551449
144;2860;0.30952;-0.585623;-0.749162;0.933103;0.035373;0.357864;-0.183073;-0.809812;0.557395
145;2880;0.311664;-0.59545;-0.740476;0.931064;0.035798;0.363094;-0.189697;-0.802594;0.56556
146;2900;0.311033;-0.603269;-0.734387;0.929999;0.033952;0.36599;-0.195856;-0.796815;0.5716
147;2920;0.309701;-0.612109;-0.727604;0.930036;0.035837;0.365717;-0.197783;-0.789961;0.580382
148;2940;0.302371;-0.624209;-0.720371;0.932061;0.03538;0.36057;-0.199585;-0.780456;0.592499
149;2960;0.288123;-0.647021;-0.705938;0.939233;0.047278;0.340009;-0.186618;-0.761005;0.621326
150;2980;0.266378;-0.673245;-0.689771;0.951106;0.067525;0.301394;-0.156335;-0.736329;0.658315
151;3000;0.246814;-0.690111;-0.680315;0.959859;0.077571;0.269543;-0.133242;-0.719534;0.681555
152;3020;0.230339;-0.700109;-0.675863;0.963916;0.068903;0.257135;-0.133453;-0.710703;0.690718
153;3040;0.211838;-0.710583;-0.670967;0.966454;0.050295;0.251865;-0.145225;-0.701813;0.697401
154;3060;0.193262;-0.725904;-0.660085;0.969024;0.035787;0.244358;-0.153758;-0.686864;0.710335
155;3080;0.174797;-0.743252;-0.645773;0.972473;0.027683;0.231366;-0.154086;-0.668439;0.727631
156;3100;0.159972;-0.760568;-0.629242;0.976158;0.027145;0.215357;-0.146713;-0.648691;0.746777
157;3120;0.145327;-0.772787;-0.617803;0.977519;0.015738;0.210257;-0.152761;-0.63447;0.757702
158;3140;0.130786;-0.783064;-0.608034;0.978011;0.001412;0.208548;-0.162448;-0.621939;0.76603
159;3160;0.115793;-0.794668;-0.595899;0.978577;-0.011549;0.205555;-0.17023;-0.606935;0.776307
160;3180;0.105724;-0.806407;-0.581834;0.980404;-0.013278;0.19655;-0.166225;-0.591212;0.7892
161;3200;0.095444;-0.817581;-0.567849;0.982411;-0.014609;0.186159;-0.160496;-0.575629;0.801806
162;3220;0.088138;-0.824235;-0.559347;0.983449;-0.017236;0.180364;-0.158304;-0.565986;0.809073
163;3240;0.079005;-0.829005;-0.553632;0.982975;-0.027634;0.181652;-0.165889;-0.558558;0.812708
164;3260;0.066415;-0.834411;-0.547126;0.982175;-0.041964;0.183225;-0.175844;-0.549542;0.816751
165;3280;0.055607;-0.841167;-0.537908;0.982797;-0.048918;0.178095;-0.176121;-0.538558;0.823976
166;3300;0.045262;-0.847208;-0.52933;0.983596;-0.054825;0.171854;-0.174617;-0.528425;0.830828
167;3320;0.029636;-0.854549;-0.518524;0.983529;-0.067606;0.16763;-0.178304;-0.514951;0.838471
168;3340;0.014912;-0.861419;-0.507676;0.98211;-0.082703;0.169178;-0.187719;-0.501116;0.844774
169;3360;-0.001068;-0.866134;-0.49981;0.98058;-0.098927;0.169338;-0.196114;-0.489923;0.84942
170;3380;-0.017168;-0.869202;-0.494159;0.979751;-0.11323;0.165128;-0.199483;-0.481318;0.853546
171;3400;-0.031931;-0.872146;-0.488203;0.97966;-0.124126;0.157668;-0.198108;-0.473239;0.85837
172;3420;-0.048574;-0.875065;-0.481563;0.978787;-0.137779;0.151636;-0.199041;-0.463981;0.863194
173;3440;-0.062792;-0.87589;-0.478408;0.977102;-0.151596;0.149302;-0.203297;-0.458079;0.865352
174;3460;-0.074053;-0.876989;-0.47477;0.977715;-0.157626;0.138664;-0.196443;-0.453921;0.869118
175;3480;-0.086726;-0.87783;-0.471055;0.978747;-0.163279;0.124078;-0.185833;-0.450283;0.873333
176;3500;-0.098175;-0.880336;-0.46408;0.980654;-0.164936;0.10542;-0.169348;-0.444753;0.879498
177;3520;-0.104897;-0.880654;-0.462001;0.982447;-0.163824;0.089212;-0.154252;-0.444534;0.882381
178;3540;-0.112886;-0.880613;-0.460193;0.983998;-0.16334;0.071187;-0.137856;-0.444793;0.88496
179;3560;-0.119951;-0.878593;-0.462261;0.985606;-0.161263;0.050752;-0.119136;-0.44952;0.88529
180;3580;-0.128297;-0.875026;-0.466766;0.98676;-0.159716;0.028189;-0.099216;-0.456969;0.883932
181;3600;-0.140169;-0.869838;-0.473005;0.986897;-0.161296;0.004163;-0.079915;-0.466224;0.88105
182;3620;-0.150252;-0.864726;-0.479243;0.986857;-0.160342;-0.020084;-0.059475;-0.475962;0.877452
183;3640;-0.162188;-0.859698;-0.48437;0.986023;-0.160165;-0.045891;-0.038126;-0.485043;0.873659
184;3660;-0.171337;-0.85684;-0.486281;0.985132;-0.155322;-0.073421;-0.01262;-0.491631;0.870712
185;3680;-0.1839;-0.853053;-0.488346;0.982847;-0.152561;-0.103621;0.013892;-0.499025;0.866476
186;3700;-0.198671;-0.844409;-0.497496;0.979241;-0.150207;-0.136104;0.0402;-0.514209;0.856722
187;3720;-0.213491;-0.833555;-0.509517;0.974592;-0.145539;-0.170262;0.067768;-0.532921;0.843447
188;3740;-0.227069;-0.822491;-0.521487;0.969483;-0.140087;-0.201193;0.092426;-0.551257;0.8292
189;3760;-0.237043;-0.816329;-0.526705;0.964898;-0.134731;-0.225434;0.113065;-0.561654;0.819611
190;3780;-0.246487;-0.810798;-0.530897;0.9604;-0.130924;-0.245948;0.129907;-0.570496;0.810961
191;3800;-0.25727;-0.804118;-0.535917;0.954451;-0.124725;-0.271046;0.151111;-0.581238;0.799579
192;3820;-0.269419;-0.794362;-0.544429;0.948035;-0.119423;-0.294903;0.169242;-0.59559;0.785258
193;3840;-0.280192;-0.78196;-0.556805;0.94113;-0.109494;-0.319821;0.18912;-0.613637;0.766605
194;3860;-0.290063;-0.771821;-0.565824;0.934728;-0.101652;-0.340516;0.2053;-0.627662;0.750928
195;3880;-0.29828;-0.76267;-0.573902;0.929547;-0.095584;-0.356099;0.216731;-0.639686;0.737448
196;3900;-0.306262;-0.751662;-0.58413;0.923234;-0.084962;-0.374727;0.232039;-0.654054;0.71998
197;3920;-0.314592;-0.739433;-0.595206;0.917954;-0.077361;-0.389071;0.241646;-0.66877;0.703103
198;3940;-0.322183;-0.726001;-0.607553;0.913091;-0.068883;-0.401896;0.249927;-0.684235;0.685097
199;3960;-0.328623;-0.717169;-0.614553;0.908635;-0.062555;-0.412879;0.257661;-0.694086;0.672202
200;3980;-0.334095;-0.709235;-0.620779;0.900954;-0.046828;-0.431381;0.276881;-0.703415;0.654633
201;4000;-0.341667;-0.699434;-0.627739;0.888769;-0.023317;-0.457762;0.305537;-0.714317;0.629601
202;4020;-0.352784;-0.686241;-0.636095;0.875911;-0.003083;-0.482462;0.329124;-0.727368;0.602174
203;4040;-0.360128;-0.670861;-0.648269;0.868746;0.012082;-0.495111;0.339983;-0.741484;0.578457
204;4060;-0.364466;-0.654548;-0.662368;0.866304;0.022591;-0.499006;0.341587;-0.755683;0.558804
205;4080;-0.368099;-0.644461;-0.670204;0.862886;0.031695;-0.504405;0.346311;-0.76398;0.544429
206;4100;-0.371277;-0.636117;-0.676394;0.856455;0.046771;-0.514099;0.358662;-0.770174;0.527441
207;4120;-0.373511;-0.626205;-0.684366;0.850337;0.063689;-0.52237;0.370697;-0.777053;0.508697
208;4140;-0.374122;-0.613006;-0.695885;0.85031;0.072751;-0.52123;0.370143;-0.786722;0.494027
209;4160;-0.367384;-0.60205;-0.708918;0.854349;0.082791;-0.513062;0.367581;-0.794155;0.483945
210;4180;-0.360739;-0.587277;-0.724551;0.861376;0.0881;-0.50027;0.357629;-0.804577;0.474085
211;4200;-0.353241;-0.57822;-0.735447;0.864613;0.098465;-0.492696;0.357303;-0.809917;0.465155
212;4220;-0.343753;-0.573573;-0.743537;0.866826;0.110718;-0.486162;0.361173;-0.811637;0.459129
213;4240;-0.326642;-0.570429;-0.753601;0.873347;0.122671;-0.471399;0.361345;-0.812134;0.458113
214;4260;-0.308565;-0.570245;-0.76132;0.882048;0.128065;-0.453421;0.356059;-0.811431;0.463467
215;4280;-0.289222;-0.574243;-0.765895;0.893051;0.126235;-0.431886;0.344691;-0.808894;0.476318
216;4300;-0.274525;-0.580742;-0.766404;0.900299;0.124746;-0.417012;0.337782;-0.804473;0.488596
217;4320;-0.253677;-0.586421;-0.769259;0.905342;0.136081;-0.40229;0.340593;-0.798494;0.496391
218;4340;-0.220458;-0.577601;-0.785987;0.91682;0.152334;-0.369102;0.332926;-0.80198;0.495973
219;4360;-0.187182;-0.559925;-0.807122;0.933642;0.154049;-0.323392;0.305412;-0.814096;0.493934
220;4380;-0.16114;-0.55546;-0.815781;0.948493;0.141281;-0.283552;0.272756;-0.819454;0.504083
221;4400;-0.140841;-0.568922;-0.810242;0.955363;0.13658;-0.261968;0.259702;-0.810971;0.524291
222;4420;-0.123249;-0.590701;-0.797422;0.957033;0.141788;-0.25295;0.262483;-0.794335;0.547845
223;4440;-0.103534;-0.603669;-0.790484;0.958815;0.150765;-0.240717;0.264491;-0.78285;0.563197
224;4460;-0.09076;-0.602639;-0.792836;0.964321;0.145627;-0.221083;0.248691;-0.784614;0.567921
225;4480;-0.082292;-0.604152;-0.792609;0.968754;0.138223;-0.205938;0.233975;-0.78479;0.573899
226;4500;-0.073838;-0.625566;-0.776669;0.969524;0.137401;-0.202842;0.233606;-0.767977;0.596356
227;4520;-0.059056;-0.665765;-0.743821;0.96808;0.143621;-0.20541;0.243583;-0.732209;0.636032
228;4540;-0.043231;-0.695789;-0.716944;0.968611;0.146643;-0.200722;0.244795;-0.703117;0.667609
229;4560;-0.028293;-0.696212;-0.717278;0.974565;0.140374;-0.174693;0.222311;-0.703977;0.674533
230;4580;-0.016052;-0.689342;-0.724258;0.981066;0.128966;-0.144493;0.19301;-0.712864;0.67422
231;4600;-0.002269;-0.689917;-0.723885;0.984574;0.125107;-0.122322;0.174956;-0.712996;0.67899
232;4620;0.012811;-0.70691;-0.707188;0.986596;0.123999;-0.106078;0.162678;-0.69635;0.699023
233;4640;0.029549;-0.73066;-0.682102;0.987521;0.126946;-0.093202;0.154689;-0.670836;0.725293
234;4660;0.04633;-0.74373;-0.666872;0.988303;0.131227;-0.07769;0.145292;-0.655473;0.741111
235;4680;0.064435;-0.747807;-0.660782;0.989013;0.136135;-0.057621;0.133045;-0.649809;0.748363
236;4700;0.088872;-0.750558;-0.654801;0.988978;0.144655;-0.031581;0.118424;-0.644777;0.755141
237;4720;0.120551;-0.754917;-0.644646;0.987275;0.159013;-0.001589;0.103707;-0.636251;0.76448
238;4740;0.149175;-0.759444;-0.633239;0.984658;0.172721;0.024817;0.090527;-0.627226;0.773559
239;4760;0.173274;-0.759294;-0.627255;0.981551;0.185404;0.046714;0.080826;-0.623778;0.777411
240;4780;0.196936;-0.752311;-0.628685;0.977599;0.199256;0.067795;0.074267;-0.627953;0.774699
241;4800;0.222388;-0.74499;-0.628914;0.972814;0.212319;0.092488;0.064628;-0.632385;0.771954
242;4820;0.254335;-0.739349;-0.62344;0.965767;0.228202;0.12336;0.051064;-0.633473;0.772078
243;4840;0.286449;-0.740483;-0.607973;0.957445;0.244612;0.153178;0.035292;-0.625979;0.779041
244;4860;0.311385;-0.745459;-0.589347;0.95009;0.256753;0.177222;0.019205;-0.615117;0.788202
245;4880;0.33441;-0.75299;-0.566724;0.942407;0.2712;0.195755;0.006294;-0.599547;0.800315
246;4900;0.353751;-0.759498;-0.545915;0.935317;0.28316;0.212139;-0.006538;-0.585647;0.810539
247;4920;0.374387;-0.76332;-0.526476;0.927098;0.297129;0.228479;-0.017971;-0.573635;0.818914
248;4940;0.392062;-0.767544;-0.507113;0.919378;0.307663;0.245128;-0.032126;-0.562334;0.826286
249;4960;0.406202;-0.773757;-0.486107;0.912295;0.313052;0.264037;-0.052124;-0.550725;0.833057
250;4980;0.423092;-0.781941;-0.45778;0.903326;0.324596;0.280429;-0.070686;-0.532171;0.843681
251;5000;0.433997;-0.792545;-0.428391;0.897088;0.336391;0.286486;-0.082946;-0.508638;0.856975
252;5020;0.440254;-0.800647;-0.406376;0.892549;0.341038;0.295041;-0.097634;-0.492603;0.86476
253;5040;0.445706;-0.806095;-0.389303;0.887484;0.341003;0.309982;-0.117121;-0.483662;0.867384
254;5060;0.449037;-0.812381;-0.372026;0.882633;0.338516;0.326137;-0.139011;-0.47481;0.869041
255;5080;0.450784;-0.81835;-0.356507;0.877821;0.333957;0.343371;-0.161939;-0.467735;0.868907
256;5100;0.455053;-0.821629;-0.343296;0.874307;0.33915;0.347223;-0.16886;-0.458152;0.872688
257;5120;0.458337;-0.824383;-0.332144;0.872244;0.345471;0.346178;-0.170637;-0.448376;0.877406
258;5140;0.458699;-0.826403;-0.326577;0.872194;0.348447;0.34331;-0.169918;-0.442315;0.880616
259;5160;0.458666;-0.826294;-0.326901;0.8732;0.350894;0.338223;-0.164764;-0.440582;0.882463
260;5180;0.456003;-0.827946;-0.326446;0.876095;0.353066;0.328332;-0.156584;-0.435718;0.886359
261;5200;0.453521;-0.829486;-0.325995;0.879076;0.356089;0.316902;-0.146783;-0.430296;0.890674
262;5220;0.454202;-0.830111;-0.323443;0.879471;0.359821;0.311542;-0.142233;-0.425962;0.893491
263;5240;0.45651;-0.830052;-0.320331;0.87949;0.366563;0.303528;-0.134522;-0.420292;0.897362
264;5260;0.455803;-0.831038;-0.318777;0.881722;0.372606;0.289362;-0.121692;-0.412965;0.90258
265;5280;0.454173;-0.833194;-0.31546;0.88444;0.379056;0.27218;-0.107202;-0.402622;0.909067
266;5300;0.451007;-0.835909;-0.312807;0.888334;0.386512;0.247935;-0.086348;-0.389697;0.916886
267;5320;0.453726;-0.835556;-0.309804;0.889005;0.400346;0.222247;-0.061672;-0.376256;0.924461
268;5340;0.459769;-0.833417;-0.306641;0.887247;0.416529;0.198231;-0.037485;-0.363207;0.930954
269;5360;0.466662;-0.828783;-0.308782;0.884326;0.431732;0.177697;-0.013962;-0.355988;0.934386
270;5380;0.472097;-0.824543;-0.311854;0.88147;0.446202;0.154642;0.011641;-0.347896;0.937461
271;5400;0.478372;-0.819623;-0.315242;0.877366;0.46132;0.131959;0.037271;-0.339708;0.939792
272;5420;0.48572;-0.814194;-0.318064;0.872069;0.476245;0.112637;0.059768;-0.332083;0.941355
273;5440;0.496899;-0.806948;-0.319258;0.86395;0.494648;0.094408;0.081738;-0.322735;0.942953
274;5460;0.503824;-0.802077;-0.320678;0.857836;0.508159;0.076762;0.101386;-0.313764;0.944073
275;5480;0.509369;-0.79666;-0.325386;0.851935;0.520196;0.060021;0.121448;-0.307781;0.943674
276;5500;0.517511;-0.790213;-0.328246;0.844085;0.534372;0.044343;0.140365;-0.300016;0.943551
277;5520;0.525241;-0.784121;-0.330568;0.835614;0.548693;0.026188;0.160846;-0.289982;0.943419
278;5540;0.532381;-0.778509;-0.332407;0.826861;0.562359;0.007231;0.181302;-0.278704;0.943108
279;5560;0.538819;-0.771003;-0.339453;0.817676;0.575601;-0.009459;0.202683;-0.272466;0.940575
280;5580;0.543222;-0.7645;-0.347058;0.809739;0.586296;-0.024076;0.221885;-0.267948;0.937534
281;5600;0.55242;-0.754555;-0.354231;0.79763;0.601931;-0.03829;0.242114;-0.261393;0.934374
282;5620;0.558661;-0.746271;-0.361908;0.785797;0.615859;-0.05693;0.26537;-0.252582;0.930474
283;5640;0.564739;-0.737314;-0.370726;0.772884;0.630021;-0.075651;0.289344;-0.243805;0.925656
284;5660;0.566764;-0.729765;-0.382389;0.762906;0.640097;-0.09083;0.311051;-0.240247;0.919526
285;5680;0.568558;-0.720456;-0.397097;0.753115;0.65007;-0.101127;0.330998;-0.241563;0.912188
286;5700;0.568979;-0.713042;-0.409674;0.741788;0.660063;-0.118608;0.354983;-0.236406;0.904488
287;5720;0.568108;-0.707418;-0.420492;0.73139;0.668244;-0.136079;0.377256;-0.230236;0.897034
288;5740;0.564506;-0.702762;-0.432964;0.723837;0.673569;-0.149547;0.396727;-0.228975;0.88892
289;5760;0.558979;-0.697568;-0.448265;0.71816;0.677519;-0.15879;0.414475;-0.233166;0.879684
290;5780;0.55025;-0.695027;-0.462776;0.714898;0.678501;-0.168989;0.431446;-0.237851;0.870219
291;5800;0.539475;-0.692969;-0.478289;0.713274;0.67797;-0.177756;0.447445;-0.245256;0.860025
292;5820;0.526819;-0.692544;-0.492793;0.711882;0.676284;-0.189378;0.46442;-0.251042;0.849289
293;5840;0.51178;-0.693214;-0.50748;0.712875;0.672324;-0.199474;0.479469;-0.259683;0.838256
294;5860;0.494743;-0.695197;-0.52147;0.716727;0.665751;-0.207552;0.491459;-0.271067;0.827642
295;5880;0.476589;-0.697357;-0.53531;0.723314;0.657139;-0.212095;0.499679;-0.286115;0.817593
296;5900;0.458265;-0.699763;-0.548019;0.729774;0.648195;-0.217425;0.507369;-0.300291;0.807714
297;5920;0.440718;-0.701455;-0.560115;0.734851;0.64029;-0.223655;0.51552;-0.313032;0.797653
298;5940;0.423499;-0.705242;-0.568579;0.739045;0.631943;-0.233368;0.52389;-0.321374;0.788833
299;5960;0.406491;-0.706814;-0.578947;0.744098;0.623806;-0.239133;0.530173;-0.333588;0.77951
300;5980;0.387761;-0.709556;-0.588364;0.753979;0.611344;-0.240361;0.530243;-0.350411;0.772046
301;6000;0.368315;-0.710248;-0.59991;0.762006;0.600299;-0.242875;0.532627;-0.36768;0.762312
302;6020;0.34824;-0.712002;-0.609739;0.767649;0.589916;-0.250427;0.538;-0.380857;0.752
303;6040;0.33087;-0.715408;-0.6154;0.76939;0.582107;-0.263041;0.54641;-0.38645;0.743029
304;6060;0.309964;-0.722564;-0.617918;0.776333;0.567543;-0.274229;0.548844;-0.394709;0.736869
305;6080;0.288142;-0.72736;-0.622834;0.786712;0.550633;-0.279085;0.545948;-0.409575;0.730883
306;6100;0.263323;-0.730218;-0.630431;0.802922;0.528143;-0.27637;0.534768;-0.433412;0.72538
307;6120;0.239631;-0.732441;-0.637266;0.817098;0.506647;-0.275062;0.524335;-0.454795;0.719884
308;6140;0.217234;-0.737133;-0.639879;0.825224;0.488817;-0.282954;0.521358;-0.466576;0.714487
309;6160;0.196702;-0.744451;-0.638044;0.831777;0.471237;-0.293399;0.519092;-0.472998;0.71191
310;6180;0.178008;-0.752412;-0.634184;0.840091;0.451793;-0.300216;0.512406;-0.479332;0.712517
311;6200;0.155775;-0.757314;-0.6342;0.85417;0.425732;-0.298572;0.496112;-0.495205;0.713194
312;6220;0.130237;-0.756139;-0.641321;0.874951;0.391901;-0.284383;0.466367;-0.524088;0.712624
313;6240;0.104411;-0.753049;-0.649627;0.894324;0.356839;-0.269908;0.435066;-0.552795;0.710728
314;6260;0.083888;-0.75438;-0.651055;0.907515;0.327683;-0.262754;0.411556;-0.568801;0.7121
315;6280;0.069488;-0.756394;-0.650415;0.915994;0.306623;-0.258722;0.395127;-0.577799;0.714159
316;6300;0.058481;-0.761141;-0.645944;0.923475;0.287014;-0.254592;0.379175;-0.581625;0.71968
317;6320;0.046095;-0.764145;-0.643396;0.931844;0.264956;-0.24792;0.359918;-0.588117;0.724277
318;6340;0.032051;-0.76299;-0.645615;0.941409;0.240027;-0.236929;0.33574;-0.600194;0.725979
319;6360;0.020726;-0.759532;-0.65014;0.951116;0.215398;-0.22132;0.308139;-0.613771;0.726867
320;6380;0.009056;-0.75576;-0.654786;0.960436;0.188851;-0.204691;0.278355;-0.627026;0.727569
321;6400;0.00048;-0.754721;-0.656046;0.968277;0.164284;-0.188285;0.24988;-0.635144;0.730857
322;6420;-0.006787;-0.753669;-0.65722;0.974719;0.141797;-0.172673;0.22333;-0.641777;0.733653
323;6440;-0.010142;-0.752595;-0.658406;0.979575;0.124758;-0.157695;0.200822;-0.646557;0.735958
324;6460;-0.014704;-0.751883;-0.659133;0.983336;0.108587;-0.145803;0.1812;-0.650293;0.737757
325;6480;-0.01777;-0.749899;-0.661313;0.986713;0.093683;-0.132747;0.1615;-0.654885;0.738271
326;6500;-0.019892;-0.75166;-0.65925;0.989599;0.079157;-0.120113;0.142468;-0.654783;0.742268
327;6520;-0.021456;-0.751367;-0.659535;0.992317;0.064397;-0.105645;0.12185;-0.656735;0.744213
328;6540;-0.0227;-0.748858;-0.662342;0.995022;0.047384;-0.087675;0.09704;-0.661035;0.744054
329;6560;-0.021174;-0.737506;-0.675009;0.998162;0.022755;-0.056173;0.056788;-0.674957;0.735668
330;6580;-0.018572;-0.722095;-0.691545;0.999818;-0.010367;-0.016025;0.004402;-0.691716;0.722156
331;6600;-0.015804;-0.71474;-0.699212;0.999317;-0.034661;0.012843;-0.033415;-0.698531;0.714799
332;6620;-0.015358;-0.711602;-0.702415;0.99828;-0.050659;0.029496;-0.056573;-0.700754;0.711156
333;6640;-0.014009;-0.715121;-0.69886;0.99703;-0.062926;0.044403;-0.07573;-0.696163;0.713878
334;6660;-0.009466;-0.712236;-0.701877;0.994507;-0.079879;0.067646;-0.104245;-0.697381;0.709079
335;6680;-0.006212;-0.701248;-0.71289;0.989239;-0.108523;0.098131;-0.146179;-0.704609;0.694376
336;6700;-0.003389;-0.689402;-0.724371;0.982835;-0.135912;0.124753;-0.184456;-0.711514;0.678029
337;6720;-0.001241;-0.685068;-0.728478;0.976498;-0.157835;0.146766;-0.215524;-0.711175;0.669164
338;6740;0.000371;-0.687092;-0.72657;0.971234;-0.172767;0.163875;-0.238125;-0.705731;0.667263
339;6760;0.002058;-0.69189;-0.722;0.968398;-0.178689;0.173997;-0.2494;-0.699541;0.669658
340;6780;0.004913;-0.689485;-0.724283;0.964357;-0.188353;0.185844;-0.264558;-0.699381;0.663985
341;6800;0.006411;-0.686488;-0.727113;0.959424;-0.200754;0.197997;-0.281894;-0.698879;0.657346
342;6820;0.007715;-0.684986;-0.728516;0.954969;-0.211047;0.208551;-0.296606;-0.697319;0.652512
343;6840;0.006329;-0.684929;-0.728582;0.951313;-0.220406;0.215464;-0.308162;-0.694474;0.650187
344;6860;0.0047;-0.688375;-0.72534;0.946118;-0.2318;0.226118;-0.323787;-0.68732;0.650194
345;6880;0.009939;-0.679999;-0.733146;0.938665;-0.246385;0.24125;-0.344686;-0.690576;0.635843
346;6900;0.022563;-0.660108;-0.750832;0.928248;-0.265076;0.260941;-0.371277;-0.702846;0.606763
347;6920;0.038673;-0.642787;-0.765068;0.919751;-0.27638;0.278698;-0.390593;-0.71445;0.580516
348;6940;0.058393;-0.627296;-0.776589;0.913312;-0.280509;0.295257;-0.403054;-0.726509;0.556536
349;6960;0.077908;-0.615783;-0.784055;0.912303;-0.273109;0.305147;-0.402037;-0.739069;0.540503
350;6980;0.098407;-0.598787;-0.79484;0.91013;-0.268871;0.315233;-0.402467;-0.754429;0.518515
351;7000;0.122036;-0.577764;-0.807029;0.909799;-0.259873;0.323623;-0.396703;-0.773728;0.493936
352;7020;0.139345;-0.558565;-0.817672;0.910894;-0.251572;0.327085;-0.388402;-0.79039;0.473738
353;7040;0.153839;-0.542645;-0.825754;0.916119;-0.234785;0.324963;-0.370215;-0.806481;0.461009
354;7060;0.160868;-0.532582;-0.83095;0.924377;-0.213763;0.315963;-0.345902;-0.818939;0.457919
355;7080;0.165306;-0.521915;-0.836826;0.931721;-0.195567;0.306023;-0.323373;-0.830276;0.453951
356;7100;0.17106;-0.504745;-0.846151;0.93785;-0.179783;0.296842;-0.301954;-0.84434;0.442621
357;7120;0.178224;-0.480795;-0.858529;0.943746;-0.163449;0.287449;-0.27853;-0.861464;0.424618
358;7140;0.180655;-0.467266;-0.865463;0.951183;-0.14087;0.274604;-0.250231;-0.872822;0.419006
359;7160;0.181665;-0.455759;-0.871368;0.957075;-0.121561;0.263115;-0.225841;-0.881764;0.414112
360;7180;0.180401;-0.446654;-0.876331;0.961921;-0.105879;0.251985;-0.205336;-0.88842;0.410546
361;7200;0.1806;-0.433971;-0.88264;0.965663;-0.092164;0.242902;-0.18676;-0.8962;0.402425
362;7220;0.177585;-0.422159;-0.888958;0.96986;-0.078065;0.230819;-0.166839;-0.903154;0.395572
363;7240;0.174149;-0.409207;-0.895669;0.973656;-0.064407;0.218738;-0.147196;-0.910166;0.38721
364;7260;0.166777;-0.404897;-0.899024;0.978401;-0.044986;0.201763;-0.122137;-0.913255;0.388649
365;7280;0.161318;-0.40575;-0.899635;0.981812;-0.026486;0.187999;-0.100109;-0.9136;0.394097
366;7300;0.158076;-0.401361;-0.902176;0.983641;-0.01593;0.179437;-0.086391;-0.915781;0.392277
367;7320;0.154961;-0.395941;-0.905107;0.985156;-0.006564;0.171537;-0.07386;-0.918253;0.389046
368;7340;0.150807;-0.389325;-0.908671;0.98651;5.5e-05;0.163702;-0.063683;-0.9211;0.384081
369;7360;0.146968;-0.386061;-0.91069;0.987769;0.008807;0.155674;-0.05208;-0.922431;0.382634
370;7380;0.141438;-0.382456;-0.913084;0.989109;0.016645;0.146242;-0.040732;-0.923824;0.380645
371;7400;0.135463;-0.379183;-0.915352;0.990336;0.024095;0.136579;-0.029733;-0.925008;0.378782
372;7420;0.12707;-0.377122;-0.917405;0.99171;0.030489;0.124829;-0.019105;-0.925662;0.37787
373;7440;0.115435;-0.379162;-0.918102;0.993277;0.036005;0.110018;-0.008658;-0.924629;0.38077
374;7460;0.097324;-0.380189;-0.919774;0.995239;0.042101;0.087907;0.005302;-0.92395;0.382476
375;7480;0.075288;-0.394385;-0.915856;0.996814;0.054017;0.058683;0.026328;-0.917356;0.397196
376;7500;0.054647;-0.413894;-0.908683;0.997379;0.065838;0.029993;0.047412;-0.907941;0.416408
377;7520;0.02946;-0.435237;-0.899834;0.99743;0.071615;-0.001984;0.065305;-0.897463;0.436229
378;7540;0.008812;-0.454616;-0.890644;0.996226;0.080905;-0.03144;0.086351;-0.887005;0.453614
379;7560;-0.008657;-0.474502;-0.880212;0.994739;0.08577;-0.056021;0.102078;-0.876066;0.471263
380;7580;-0.024585;-0.49321;-0.869563;0.993182;0.087095;-0.077479;0.113948;-0.865539;0.487707
381;7600;-0.042085;-0.513999;-0.856758;0.990826;0.088749;-0.101915;0.128421;-0.853187;0.505549
382;7620;-0.060381;-0.536536;-0.841714;0.987169;0.092783;-0.129958;0.147824;-0.838761;0.52405
383;7640;-0.081896;-0.564377;-0.821445;0.982041;0.094866;-0.163085;0.169968;-0.820048;0.546472
384;7660;-0.099232;-0.597362;-0.795808;0.975326;0.100114;-0.196766;0.197212;-0.795698;0.572688
385;7680;-0.111294;-0.631744;-0.767146;0.96704;0.109045;-0.230092;0.229013;-0.767469;0.598786
386;7700;-0.119077;-0.654698;-0.746452;0.95893;0.119096;-0.257429;0.257438;-0.746449;0.613628
387;7720;-0.128272;-0.668271;-0.732775;0.950527;0.127944;-0.283071;0.282922;-0.732833;0.618798
388;7740;-0.135387;-0.678943;-0.721601;0.940861;0.140189;-0.308427;0.310565;-0.720683;0.619811
389;7760;-0.140417;-0.694189;-0.705964;0.928813;0.154596;-0.336759;0.342913;-0.702995;0.623064
390;7780;-0.14389;-0.710471;-0.688859;0.915103;0.169431;-0.365896;0.376673;-0.683025;0.625775
391;7800;-0.144585;-0.723403;-0.675118;0.903726;0.181311;-0.387822;0.402957;-0.666194;0.627543
392;7820;-0.144261;-0.730241;-0.667785;0.894319;0.192628;-0.403843;0.423536;-0.655471;0.625279
393;7840;-0.146849;-0.731428;-0.665919;0.886122;0.201896;-0.417165;0.439572;-0.651346;0.618486
394;7860;-0.147091;-0.734997;-0.661925;0.877389;0.212017;-0.430393;0.456677;-0.644072;0.613692
395;7880;-0.145016;-0.742897;-0.653509;0.86719;0.222586;-0.445463;0.476395;-0.631316;0.611954
396;7900;-0.13955;-0.753801;-0.642113;0.858286;0.231315;-0.458081;0.493832;-0.615042;0.614697
397;7920;-0.135928;-0.762351;-0.632728;0.85399;0.23359;-0.464906;0.50222;-0.603537;0.619288
398;7940;-0.132454;-0.76583;-0.629253;0.853102;0.235143;-0.465752;0.504652;-0.598508;0.622186
399;7960;-0.126818;-0.771106;-0.62395;0.85354;0.235641;-0.464697;0.505359;-0.591498;0.628286
400;7980;-0.113171;-0.783124;-0.611482;0.854836;0.236931;-0.461648;0.506407;-0.574962;0.642629
401;8000;-0.094993;-0.799022;-0.593751;0.859975;0.23456;-0.453238;0.501418;-0.553666;0.664857
402;8020;-0.073486;-0.812263;-0.578644;0.869425;0.232065;-0.436172;0.48857;-0.53514;0.689148
403;8040;-0.056183;-0.819978;-0.569631;0.882312;0.226256;-0.412716;0.4673;-0.52578;0.710764
404;8060;-0.035278;-0.827596;-0.560214;0.896349;0.221689;-0.383943;0.441943;-0.515693;0.733994
405;8080;-0.010629;-0.835747;-0.549012;0.910189;0.219262;-0.351398;0.414058;-0.503439;0.758357
406;8100;0.013186;-0.847749;-0.530234;0.919927;0.218103;-0.32583;0.391868;-0.48348;0.782743
407;8120;0.035698;-0.855636;-0.516346;0.92758;0.220651;-0.301512;0.371916;-0.468188;0.801547
408;8140;0.051026;-0.85915;-0.509174;0.936701;0.218006;-0.27398;0.346392;-0.462964;0.81589
409;8160;0.06699;-0.860983;-0.504203;0.94581;0.215723;-0.242708;0.317736;-0.460621;0.828777
410;8180;0.086293;-0.867029;-0.490728;0.952265;0.216556;-0.215164;0.292824;-0.448735;0.844329
411;8200;0.104463;-0.873985;-0.474592;0.956934;0.218298;-0.191374;0.270861;-0.434162;0.85915
412;8220;0.121186;-0.879373;-0.460452;0.960921;0.220238;-0.167708;0.248887;-0.422135;0.871698
413;8240;0.136353;-0.882732;-0.449657;0.965056;0.220885;-0.140982;0.223772;-0.414721;0.882005
414;8260;0.150757;-0.88507;-0.440367;0.969004;0.220491;-0.11142;0.195712;-0.40992;0.890877
415;8280;0.164973;-0.886303;-0.432725;0.972309;0.219775;-0.079457;0.165525;-0.407635;0.898018
416;8300;0.179312;-0.887101;-0.425323;0.97432;0.21998;-0.048052;0.136189;-0.405785;0.903765
417;8320;0.193062;-0.884212;-0.425319;0.975257;0.220514;-0.015745;0.107711;-0.411755;0.904906
418;8340;0.206804;-0.877017;-0.433673;0.975298;0.219961;0.020259;0.077624;-0.42715;0.900842
419;8360;0.218805;-0.865253;-0.451066;0.974864;0.21374;0.062888;0.041997;-0.453489;0.890272
420;8380;0.233082;-0.850402;-0.471687;0.972436;0.207046;0.107244;0.00646;-0.483682;0.87522
421;8400;0.252701;-0.836146;-0.486828;0.967356;0.208413;0.144175;-0.01909;-0.507369;0.861517
422;8420;0.270749;-0.824971;-0.496103;0.961965;0.21242;0.171761;-0.036316;-0.523738;0.851105
423;8440;0.289908;-0.813586;-0.504015;0.955764;0.218776;0.196603;-0.049687;-0.538716;0.841021
424;8460;0.308873;-0.800071;-0.514279;0.948799;0.221581;0.225127;-0.066163;-0.557483;0.827547
425;8480;0.324402;-0.786307;-0.525818;0.94166;0.215757;0.258312;-0.089664;-0.578938;0.810426
426;8500;0.340394;-0.772238;-0.536452;0.933781;0.210648;0.289276;-0.110387;-0.599397;0.792804
427;8520;0.357757;-0.759128;-0.543815;0.925795;0.212176;0.312865;-0.12212;-0.615391;0.778705
428;8540;0.370084;-0.750742;-0.547197;0.92005;0.214633;0.327782;-0.128633;-0.624756;0.770152
429;8560;0.380931;-0.742331;-0.551213;0.914315;0.213747;0.344005;-0.137545;-0.635025;0.760148
430;8580;0.390925;-0.730726;-0.559659;0.909044;0.211205;0.35921;-0.144281;-0.649179;0.746827
431;8600;0.398336;-0.721612;-0.566219;0.904434;0.206213;0.373465;-0.152735;-0.660872;0.734792
432;8620;0.407601;-0.71134;-0.572588;0.899543;0.204898;0.385797;-0.15711;-0.672319;0.723397
433;8640;0.415868;-0.702574;-0.577446;0.895627;0.206216;0.394116;-0.157817;-0.681076;0.715003
434;8660;0.421947;-0.694932;-0.582263;0.892134;0.203908;0.403136;-0.161424;-0.689559;0.70601
435;8680;0.428017;-0.68727;-0.586908;0.888324;0.200372;0.413197;-0.166378;-0.69822;0.696281
